cam0:
  T_cam_imu:
  - [-0.9999861930473225, -0.0013186034726736307, 0.005086747448571346, 0.015597794722004978]
  - [0.0013002399920608646, -0.9999926325345668, -0.003611682786504533, 0.005118266775329101]
  - [0.00509147234959983, -0.0036050189277090664, 0.99998054018458, -0.004141352761481593]
  - [0.0, 0.0, 0.0, 1.0]
  cam_overlaps: [1]
  camera_model: pinhole
  distortion_coeffs: [-0.008747800085824447, 0.04669796865951601, -0.04348086746351353, 0.007859294528663]
  distortion_model: equidistant
  intrinsics: [285.2489878860831, 285.99964868407267, 426.51375763352166, 404.9772011788081]
  resolution: [848, 800]
  rostopic: /t265/fisheye1/image_raw
  timeshift_cam_imu: 0.006762587307573936
cam1:
  T_cam_imu:
  - [-0.9999999855798438, 0.00016699631181433215, -3.08633096932536e-05, -0.04901471381989014]
  - [-0.0001669539486921065, -0.9999990509695182, -0.0013675476012425568, 0.004854583170538619]
  - [-3.109165580866998e-05, -0.001367542428770884, 0.9999990644300696, -0.004291073198525603]
  - [0.0, 0.0, 0.0, 1.0]
  T_cn_cnm1:
  - [0.999985801431586, -0.0014671235863016234, -0.005122937010143892, -0.06462599383496645]
  - [0.001478597495574158, 0.9999964055790065, 0.002236644476004134, -0.000277465334020221]
  - [0.0051196371622866405, -0.0022441874806877083, 0.9999843763468892, -0.00021815383939144495]
  - [0.0, 0.0, 0.0, 1.0]
  cam_overlaps: [0]
  camera_model: pinhole
  distortion_coeffs: [-0.010128276510389637, 0.0509413938683162, -0.04827038583558463, 0.00973320146732395]
  distortion_model: equidistant
  intrinsics: [285.4999216305412, 286.20780673320627, 430.61379773875336, 398.762531607328]
  resolution: [848, 800]
  rostopic: /t265/fisheye2/image_raw
  timeshift_cam_imu: 0.006743885629529057
